W 710
G 0 1.00 1 0
G 2 0.50 1 0
G 3 0.50 1 0
G 5 1.00 2 0
G 6 1.50 3 0
G 7 0.75 1 1
G 8 1.00 2 0
G 10 0.50 1 0
G 11 27.00 26 2
G 12 1.00 2 0
G 18 0.50 1 0
G 22 0.50 1 0
G 24 1.50 2 0
G 29 0.75 1 1
G 31 0.50 1 0
G 33 1.00 1 0
G 34 1.00 2 0
G 35 1.00 1 0
G 42 0.50 1 0
G 43 0.50 1 0
G 44 1.00 2 0
G 45 0.50 1 0
G 46 0.75 1 1
G 48 1.00 2 0
G 49 1.00 1 0
G 50 0.50 1 0
G 51 1.00 1 0
G 57 0.50 1 0
G 66 0.50 1 0
G 67 2.00 3 0
G 68 0.50 1 0
G 71 0.50 1 0
G 72 1.00 1 0
G 77 0.50 1 0
G 87 2.00 3 2
G 88 0.75 1 1
G 92 0.50 1 0
G 100 1.00 2 0
G 101 1.00 1 0
G 102 1.00 1 0
G 103 0.75 1 1
G 108 1.50 3 0
G 110 0.50 1 0
G 116 1.00 1 0
G 118 0.75 1 1
G 120 0.50 1 0
G 121 0.50 1 0
G 123 1.50 2 2
G 126 1.00 1 0
G 133 1.00 2 0
G 134 0.50 1 0
G 135 1.00 1 0
G 137 1.50 2 2
G 138 1.00 2 0
G 139 0.50 1 0
G 141 1.25 2 1
G 142 1.00 1 0
G 148 0.50 1 0
G 151 2.00 2 0
G 152 0.75 1 1
G 155 0.50 1 0
G 160 2.00 2 0
G 161 1.00 2 0
G 164 1.00 2 0
G 165 1.00 2 0
G 166 1.00 2 0
G 168 0.50 1 0
G 169 0.75 1 1
G 170 0.50 1 0
G 171 2.25 4 1
G 174 1.00 2 0
G 186 1.00 2 0
G 187 1.25 2 1
G 192 1.00 1 0
G 193 1.00 1 0
G 194 1.00 1 0
G 195 0.75 1 1
G 196 1.50 2 2
G 200 2.25 4 1
G 201 0.50 1 0
G 202 1.00 1 0
G 204 0.50 1 0
G 205 1.00 2 0
G 216 2.00 4 0
G 217 1.50 2 0
G 218 1.00 2 0
G 220 2.00 4 0
G 221 0.75 1 1
G 224 1.00 1 0
G 225 1.00 2 0
G 226 0.50 1 0
G 228 0.50 1 0
G 229 1.00 2 0
G 232 1.50 2 0
G 234 0.50 1 0
G 236 1.00 2 0
G 237 1.50 2 2
G 239 1.00 2 0
G 240 1.00 2 0
G 242 1.00 1 0
G 243 1.00 2 0
G 245 0.50 1 0
G 247 0.50 1 0
G 249 2.00 3 0
G 261 1.00 2 0
G 263 1.00 1 0
G 266 0.50 1 0
G 268 0.50 1 0
G 274 0.50 1 0
G 275 1.00 2 0
G 278 1.50 3 0
G 281 2.50 5 0
G 283 1.25 2 1
G 284 1.50 3 0
G 285 0.75 1 1
G 286 1.00 1 0
G 287 1.25 2 1
G 291 2.25 4 1
G 294 1.00 1 0
G 298 0.50 1 0
G 300 0.75 1 1
G 301 0.50 1 0
G 303 1.00 1 0
G 307 1.00 2 0
G 308 0.50 1 0
G 309 1.50 2 0
G 310 0.75 1 1
G 311 1.00 1 0
G 312 1.00 2 0
G 316 0.50 1 0
G 318 1.00 1 0
G 321 0.50 1 0
G 322 0.50 1 0
G 324 0.75 1 1
G 332 0.75 1 1
G 333 1.00 1 0
G 339 0.50 1 0
G 341 0.50 1 0
G 345 0.50 1 0
G 349 0.50 1 0
G 354 1.00 1 0
G 356 1.00 1 0
G 357 2.00 3 0
G 369 0.75 1 1
G 372 0.50 1 0
G 382 1.50 3 0
G 384 0.50 1 0
G 387 0.50 1 0
G 394 1.00 1 0
G 396 0.50 1 0
G 398 1.00 2 0
G 400 0.50 1 0
G 404 1.50 3 0
G 405 0.50 1 0
G 407 0.50 1 0
G 410 1.00 2 0
G 411 0.50 1 0
G 412 0.75 1 1
G 416 0.50 1 0
G 417 1.25 2 1
G 418 1.00 2 0
G 419 1.00 1 0
G 420 1.50 3 0
G 421 0.50 1 0
G 425 1.50 3 0
G 426 0.50 1 0
G 428 1.00 1 0
G 441 2.50 4 2
G 442 0.50 1 0
G 448 4.50 5 1
G 449 1.50 3 0
G 450 1.00 2 0
G 452 0.50 1 0
G 456 0.50 1 0
G 459 1.25 2 1
G 461 1.25 2 1
G 462 1.00 2 0
G 463 1.00 2 0
G 467 0.50 1 0
G 469 0.50 1 0
G 473 0.50 1 0
G 476 0.50 1 0
G 478 0.50 1 0
G 493 0.50 1 0
G 497 0.50 1 0
G 503 1.25 2 1
G 508 1.00 1 0
G 510 0.50 1 0
G 514 0.50 1 0
G 533 0.50 1 0
G 535 1.25 2 1
G 544 0.50 1 0
G 547 0.50 1 0
G 550 0.50 1 0
G 552 1.25 2 1
G 557 0.50 1 0
G 559 0.50 1 0
G 560 2.00 3 0
G 563 2.00 3 2
G 565 2.25 4 1
G 567 0.50 1 0
G 568 3.00 3 0
G 569 1.00 1 0
G 570 1.50 1 1
G 574 1.25 2 1
G 577 1.00 1 0
G 581 0.50 1 0
G 584 1.00 2 0
G 585 1.00 1 0
G 586 1.00 1 0
G 589 0.50 1 0
G 595 0.75 1 1
G 599 0.50 1 0
G 600 1.00 2 0
G 601 0.50 1 0
G 602 2.50 3 0
G 605 0.50 1 0
G 611 1.00 1 0
G 613 0.75 1 1
G 616 1.00 1 0
G 621 1.00 2 0
G 625 1.00 1 0
G 626 0.50 1 0
G 630 1.00 1 0
G 632 1.00 2 0
G 633 1.25 2 1
G 634 1.00 1 0
G 638 0.50 1 0
G 639 0.50 1 0
G 641 0.50 1 0
G 642 0.50 1 0
G 643 0.50 1 0
G 645 1.75 3 1
G 647 0.75 1 1
G 654 0.50 1 0
G 657 0.50 1 0
G 658 1.00 2 0
G 659 1.25 2 1
G 661 1.00 1 0
G 663 2.50 4 0
G 668 4.00 7 0
G 669 0.50 1 0
G 673 0.75 1 1
G 674 0.75 1 1
G 677 1.75 2 1
G 683 0.75 1 1
G 685 2.00 2 0
G 687 0.75 1 1
G 690 0.50 1 0
G 691 1.00 1 0
G 693 2.00 3 0
G 696 0.50 1 0
G 703 1.00 1 0
G 708 1.00 2 0
G 709 1.00 2 0
G 715 1.00 1 0
G 723 0.50 1 0
G 724 1.50 2 0
G 727 0.50 1 0
G 733 0.50 1 0
G 736 0.50 1 0
G 740 1.00 2 0
G 744 0.75 1 1
G 746 1.00 2 0
G 747 1.00 1 0
G 748 1.25 2 1
G 749 0.50 1 0
G 750 1.00 2 0
G 751 0.50 1 0
G 754 1.50 2 0
G 761 1.00 1 0
G 765 0.50 1 0
G 771 1.00 1 0
G 773 0.50 1 0
G 776 0.50 1 0
G 778 3.50 5 2
G 785 0.75 1 1
G 788 0.75 1 1
G 794 1.00 1 0
G 800 1.00 1 0
G 801 0.50 1 0
G 802 1.00 2 0
G 812 0.50 1 0
G 814 1.00 2 0
G 815 0.50 1 0
G 816 1.00 1 0
G 818 1.00 1 0
G 820 1.75 3 1
G 822 0.50 1 0
G 831 0.75 1 1
G 835 1.50 3 0
G 840 0.50 1 0
G 842 0.50 1 0
G 847 0.50 1 0
G 848 1.00 1 0
G 849 1.00 1 0
G 853 1.00 2 0
G 854 1.00 1 0
G 858 1.75 3 1
G 861 1.00 2 0
G 862 1.50 2 0
G 875 1.00 2 0
G 877 1.00 2 0
G 881 1.00 1 0
G 883 1.75 3 1
G 884 0.75 1 1
G 887 1.50 2 0
G 888 0.50 1 0
G 893 0.50 1 0
G 900 1.00 2 0
G 901 1.50 2 0
G 902 0.50 1 0
G 908 1.00 1 0
G 913 1.50 3 0
G 923 0.50 1 0
G 929 0.50 1 0
G 930 1.50 1 1
G 931 1.00 2 0
G 933 1.50 1 1
G 935 1.00 2 0
G 937 0.50 1 0
G 939 2.00 2 0
G 940 1.00 1 0
G 941 0.50 1 0
G 945 0.50 1 0
G 946 0.50 1 0
G 961 3.00 5 2
G 963 1.50 2 0
G 964 1.50 2 0
G 969 1.00 2 0
G 970 1.00 1 0
G 971 1.00 1 0
G 972 2.75 5 1
G 974 1.00 2 0
G 978 2.00 3 0
G 979 1.00 1 0
G 980 0.50 1 0
G 986 1.50 2 0
G 996 0.50 1 0
G 999 0.50 1 0
G 1001 0.50 1 0
G 1005 0.50 1 0
G 1010 1.00 2 0
G 1014 0.50 1 0
G 1022 0.50 1 0
G 1023 1.00 2 0
G 1026 1.00 1 0
G 1027 1.25 2 1
G 1028 1.00 2 0
G 1030 0.50 1 0
G 1034 0.50 1 0
G 1036 0.50 1 0
G 1039 0.50 1 0
G 1040 0.75 1 1
G 1041 1.25 2 1
G 1042 0.50 1 0
G 1050 0.50 1 0
G 1051 3.25 6 1
G 1053 2.00 2 0
G 1054 0.50 1 0
G 1055 1.25 2 1
G 1056 1.00 2 0
G 1058 1.50 2 0
G 1059 1.00 2 0
G 1061 1.00 2 0
G 1062 0.50 1 0
G 1063 0.75 1 1
G 1066 0.50 1 0
G 1072 0.50 1 0
G 1073 0.75 1 1
G 1075 1.00 1 0
G 1082 1.00 2 0
G 1086 0.50 1 0
G 1091 1.00 1 0
G 1093 1.50 3 0
G 1094 1.25 2 1
G 1095 1.25 2 1
G 1096 0.50 1 0
G 1097 1.00 2 0
G 1099 0.50 1 0
G 1100 1.50 2 0
G 1101 0.50 1 0
G 1104 0.50 1 0
G 1109 0.50 1 0
G 1117 2.00 3 2
G 1119 0.75 1 1
G 1121 0.50 1 0
G 1122 1.00 2 0
G 1123 1.00 2 0
G 1125 0.50 1 0
G 1127 1.25 2 1
G 1132 0.50 1 0
G 1133 1.25 2 1
G 1135 0.50 1 0
G 1138 0.50 1 0
G 1145 1.00 2 0
G 1149 0.50 1 0
G 1154 1.00 2 0
G 1155 0.50 1 0
G 1157 1.50 2 2
G 1158 0.50 1 0
G 1161 1.00 2 0
G 1164 0.50 1 0
G 1167 0.50 1 0
G 1169 0.50 1 0
G 1174 0.50 1 0
G 1182 0.50 1 0
G 1183 0.50 1 0
G 1187 0.50 1 0
G 1188 1.00 2 0
G 1189 0.50 1 0
G 1190 1.25 2 1
G 1199 0.50 1 0
G 1200 0.50 1 0
G 1204 0.75 1 1
G 1205 0.50 1 0
G 1207 3.00 5 2
G 1211 1.00 2 0
G 1216 1.00 2 0
G 1217 1.00 2 0
G 1227 0.50 1 0
G 1235 1.75 3 1
G 1240 1.00 2 0
G 1241 1.25 2 1
G 1247 1.00 2 0
G 1249 0.50 1 0
G 1250 0.50 1 0
G 1253 1.00 2 0
G 1255 0.50 1 0
G 1257 0.50 1 0
G 1259 0.75 1 1
G 1261 0.75 1 1
G 1266 0.50 1 0
G 1268 0.75 1 1
G 1269 1.00 2 0
G 1270 0.50 1 0
G 1275 1.00 2 0
G 1293 0.50 1 0
G 1294 0.50 1 0
G 1300 0.50 1 0
G 1301 0.50 1 0
G 1307 0.50 1 0
G 1317 1.25 2 1
G 1319 0.50 1 0
G 1324 0.50 1 0
M 0 0 919.083 1446.76
M 0 1 167.593 218.25
M 0 2 77.195 109.88
M 0 3 122.054 124.50
M 0 4 32.500 32.50
M 0 5 16.875 16.87
M 0 6 10.998 11.25
M 0 7 6.000 6.00
M 0 8 1.000 1.00
M 1 0 322.727 528.50
M 1 1 40.125 57.38
M 1 2 24.577 39.75
M 1 3 55.225 55.75
M 1 4 15.500 15.49
M 1 5 8.835 9.75
M 1 6 7.058 7.50
M 1 7 0.882 1.62
M 1 8 1.000 1.00
M 2 0 765.117 1290.88
M 2 1 150.870 209.38
M 2 2 59.567 104.01
M 2 3 245.553 257.25
M 2 4 68.394 71.12
M 2 5 30.899 32.25
M 2 6 45.653 47.38
M 2 7 19.258 19.99
M 2 8 7.669 7.87
M 3 0 65.126 360.25
M 3 1 18.589 55.99
M 3 2 3.750 24.24
M 3 3 5.483 6.12
M 3 4 2.524 3.75
M 3 5 0.500 0.50
M 3 6 1.000 1.00
M 3 7 0.718 1.00
M 4 0 2732.073 3390.65
M 4 1 429.386 542.00
M 4 2 387.287 478.63
M 4 3 649.034 607.75
M 4 4 59.282 72.50
M 4 5 90.315 84.00
M 4 6 76.954 74.88
M 4 7 6.939 10.25
M 4 8 11.184 10.12
M 5 0 12.500 155.50
M 5 1 23.750 40.12
M 5 2 1.125 11.74
M 5 3 4.750 5.75
M 5 6 0.500 1.50
M 6 0 226.933 664.12
M 6 1 22.171 61.87
M 6 2 35.633 90.50
M 6 3 2.928 3.50
M 6 4 1.785 2.50
M 6 5 1.071 1.50
M 6 6 1.500 1.50
M 7 0 0.000 32.50
M 7 1 35.000 57.37
M 7 2 0.000 2.50
M 8 0 4583.156 3535.78
M 8 1 919.971 1023.00
M 8 2 705.249 736.25
M 8 3 16.000 17.00
M 8 4 2.834 3.50
M 8 5 1.333 1.50
M 8 6 2.125 2.12
M 8 7 0.334 0.50
M 8 8 0.417 0.62
M 9 0 15.529 245.37
M 9 1 2.136 28.50
M 9 2 2.588 22.75
M 9 3 2.945 4.12
M 9 4 0.263 1.00
M 9 5 1.071 1.50
M 10 0 178.876 585.50
M 10 1 26.857 100.00
M 10 2 15.125 44.26
M 10 3 37.375 37.37
M 10 4 8.899 14.99
M 10 5 3.289 3.75
M 10 6 4.750 4.75
M 10 7 0.716 1.12
M 10 8 0.500 0.50
M 11 0 848.375 1159.75
M 11 1 32.250 40.88
M 11 2 27.000 37.12
M 11 3 3.000 3.00
M 11 4 0.500 0.50
M 12 0 1006.693 1667.88
M 12 1 108.952 147.38
M 12 2 57.259 92.37
M 12 3 150.841 161.00
M 12 4 38.476 40.62
M 12 5 14.369 15.25
M 12 6 23.806 25.00
M 12 7 7.428 7.75
M 12 8 1.438 1.50
M 13 0 1.000 2.00
M 14 0 2.250 3.25
M 15 0 26.000 69.00
M 15 1 3.000 7.25
M 15 2 2.000 7.00
M 15 3 3.361 7.00
M 15 4 0.000 1.00
M 15 5 1.000 3.00
M 15 7 0.000 1.00
M 16 0 97.406 150.00
M 16 1 0.000 1.00
M 16 2 2.549 6.50
M 16 3 4.437 6.75
M 16 6 1.000 1.00
M 17 0 2.000 3.00
M 18 0 3.730 6.00
M 19 0 74.979 75.50
M 19 1 2.729 5.25
M 19 2 0.000 2.00
M 19 3 5.292 7.25
M 19 4 1.176 3.00
M 19 5 2.353 1.00
M 19 6 2.996 4.00
M 19 7 0.731 1.00
M 20 0 0.800 1.00
