write 0 - 0 0 1 775 0 1
write 0 - 0 0 99 602 1 0
write 0 - 0 0 4660 889 0 1
write 0 - 0 1 1 993 0 1
write 0 - 0 1 99 734 1 0
write 0 - 0 1 4660 1594 3 2
write 0 - 0 3 1 1135 0 0
write 0 - 0 3 99 1857 0 2
write 0 - 0 3 4660 2232 1 3
write 0 - 0 4 1 7504 1 10
write 0 - 0 4 99 2959 0 3
write 0 - 0 4 4660 8541 1 11
write 0 - 0 12 1 1109 1 0
write 0 - 0 12 99 1352 4 0
write 0 - 0 12 4660 1396 6 1
write 0 - 8 0 1 1238 1 0
write 0 - 8 0 99 1052 0 0
write 0 - 8 0 4660 1786 2 3
write 0 - 8 1 1 1975 3 2
write 0 - 8 1 99 1516 2 1
write 0 - 8 1 4660 1817 5 1
write 0 - 8 3 1 2319 4 3
write 0 - 8 3 99 3975 1 6
write 0 - 8 3 4660 4234 2 6
write 0 - 8 4 1 7119 1 8
write 0 - 8 4 99 5146 0 6
write 0 - 8 4 4660 10918 0 15
write 0 - 8 12 1 1952 5 0
write 0 - 8 12 99 2082 4 1
write 0 - 8 12 4660 2154 7 1
write 0 - 9 0 1 2076 2 3
write 0 - 9 0 99 1257 0 0
write 0 - 9 0 4660 2031 1 2
write 0 - 9 1 1 2259 5 1
write 0 - 9 1 99 2059 1 1
write 0 - 9 1 4660 1972 3 0
write 0 - 9 3 1 3121 2 5
write 0 - 9 3 99 2490 3 1
write 0 - 9 3 4660 5932 1 11
write 0 - 9 4 1 7996 1 9
write 0 - 9 4 99 6900 0 8
write 0 - 9 4 4660 13451 0 19
write 0 - 9 12 1 2748 3 1
write 0 - 9 12 99 3207 4 3
write 0 - 9 12 4660 2547 7 1
write 0 - 19 0 1 2827 2 4
write 0 - 19 0 99 1934 1 0
write 0 - 19 0 4660 2623 4 2
write 0 - 19 1 1 3447 3 3
write 0 - 19 1 99 2632 1 2
write 0 - 19 1 4660 2731 2 2
write 0 - 19 3 1 5583 4 9
write 0 - 19 3 99 4123 4 5
write 0 - 19 3 4660 6907 2 12
write 0 - 19 4 1 15596 0 20
write 0 - 19 4 99 6563 1 6
write 0 - 19 4 4660 16273 1 22
write 0 - 19 12 1 6382 13 5
write 0 - 19 12 99 5420 7 1
write 0 - 19 12 4660 5952 12 3
write 1 - 0 0 1 455 0 1
write 1 - 0 0 99 354 0 0
write 1 - 0 0 4660 522 0 1
write 1 - 0 1 1 582 0 0
write 1 - 0 1 99 432 0 0
write 1 - 0 1 4660 935 1 2
write 1 - 0 3 1 692 0 0
write 1 - 0 3 99 595 1 1
write 1 - 0 3 4660 1408 1 3
write 1 - 0 4 1 4596 0 8
write 1 - 0 4 99 1067 0 1
write 1 - 0 4 4660 1920 0 2
write 1 - 0 12 1 762 2 0
write 1 - 0 12 99 905 1 1
write 1 - 0 12 4660 996 6 0
write 1 - 8 0 1 728 1 0
write 1 - 8 0 99 619 0 0
write 1 - 8 0 4660 1047 1 3
write 1 - 8 1 1 1161 3 2
write 1 - 8 1 99 892 1 1
write 1 - 8 1 4660 1127 3 1
write 1 - 8 3 1 1462 4 3
write 1 - 8 3 99 944 1 0
write 1 - 8 3 4660 1370 4 0
write 1 - 8 4 1 4062 0 6
write 1 - 8 4 99 1202 0 0
write 1 - 8 4 4660 2131 1 1
write 1 - 8 12 1 1222 5 0
write 1 - 8 12 99 1223 3 1
write 1 - 8 12 4660 1265 7 1
write 1 - 9 0 1 740 0 0
write 1 - 9 0 99 740 0 0
write 1 - 9 0 4660 1192 1 1
write 1 - 9 1 1 1325 4 2
write 1 - 9 1 99 905 0 0
write 1 - 9 1 4660 1364 2 0
write 1 - 9 3 1 2438 2 6
write 1 - 9 3 99 1183 0 1
write 1 - 9 3 4660 1508 3 1
write 1 - 9 4 1 4612 0 7
write 1 - 9 4 99 1651 0 1
write 1 - 9 4 4660 4651 0 7
write 1 - 9 12 1 1402 5 0
write 1 - 9 12 99 1805 2 3
write 1 - 9 12 4660 1494 7 0
write 1 - 19 0 1 1263 2 0
write 1 - 19 0 99 1138 1 0
write 1 - 19 0 4660 1543 2 3
write 1 - 19 1 1 1705 4 2
write 1 - 19 1 99 1160 1 0
write 1 - 19 1 4660 1588 3 2
write 1 - 19 3 1 2478 5 3
write 1 - 19 3 99 2137 2 3
write 1 - 19 3 4660 3567 0 7
write 1 - 19 4 1 8070 0 14
write 1 - 19 4 99 2037 0 1
write 1 - 19 4 4660 4000 1 5
write 1 - 19 12 1 3825 11 4
write 1 - 19 12 99 3331 5 1
write 1 - 19 12 4660 3617 9 4
write 2 - 0 0 1 251 0 0
write 2 - 0 0 99 251 0 0
write 2 - 0 0 4660 370 0 1
write 2 - 0 1 1 306 0 0
write 2 - 0 1 99 306 0 0
write 2 - 0 1 4660 662 1 2
write 2 - 0 3 1 508 0 0
write 2 - 0 3 99 390 0 0
write 2 - 0 3 4660 884 1 2
write 2 - 0 4 1 607 0 0
write 2 - 0 4 99 876 0 1
write 2 - 0 4 4660 1868 0 3
write 2 - 0 12 1 540 2 0
write 2 - 0 12 99 463 1 0
write 2 - 0 12 4660 622 4 0
write 2 - 8 0 1 439 0 0
write 2 - 8 0 99 439 0 0
write 2 - 8 0 4660 439 0 0
write 2 - 8 1 1 596 0 0
write 2 - 8 1 99 596 0 0
write 2 - 8 1 4660 797 3 0
write 2 - 8 3 1 687 2 0
write 2 - 8 3 99 881 0 2
write 2 - 8 3 4660 988 1 0
write 2 - 8 4 1 2728 0 5
write 2 - 8 4 99 913 0 0
write 2 - 8 4 4660 2122 0 3
write 2 - 8 12 1 922 3 0
write 2 - 8 12 99 739 1 0
write 2 - 8 12 4660 934 1 0
write 2 - 9 0 1 525 0 0
write 2 - 9 0 99 525 0 0
write 2 - 9 0 4660 692 0 1
write 2 - 9 1 1 644 0 0
write 2 - 9 1 99 644 0 0
write 2 - 9 1 4660 970 1 0
write 2 - 9 3 1 965 1 1
write 2 - 9 3 99 815 0 0
write 2 - 9 3 4660 957 1 0
write 2 - 9 4 1 2235 0 3
write 2 - 9 4 99 1290 0 1
write 2 - 9 4 4660 1399 1 0
write 2 - 9 12 1 1002 6 0
write 2 - 9 12 99 949 2 0
write 2 - 9 12 4660 1069 2 1
write 2 - 19 0 1 898 0 0
write 2 - 19 0 99 809 1 0
write 2 - 19 0 4660 1035 1 1
write 2 - 19 1 1 946 1 0
write 2 - 19 1 99 1071 1 1
write 2 - 19 1 4660 1249 1 2
write 2 - 19 3 1 1954 2 4
write 2 - 19 3 99 1149 0 0
write 2 - 19 3 4660 2008 2 5
write 2 - 19 4 1 3047 0 5
write 2 - 19 4 99 1563 0 1
write 2 - 19 4 4660 2985 0 4
write 2 - 19 12 1 2669 6 4
write 2 - 19 12 99 1958 4 0
write 2 - 19 12 4660 2420 9 3
write 3 - 0 0 1 195 0 0
write 3 - 0 0 99 195 0 0
write 3 - 0 0 4660 195 0 0
write 3 - 0 1 1 237 0 0
write 3 - 0 1 99 237 0 0
write 3 - 0 1 4660 237 0 0
write 3 - 0 3 1 316 0 0
write 3 - 0 3 99 316 0 0
write 3 - 0 3 4660 726 1 2
write 3 - 0 4 1 508 0 0
write 3 - 0 4 99 508 0 0
write 3 - 0 4 4660 1263 0 2
write 3 - 0 12 1 360 0 0
write 3 - 0 12 99 360 0 0
write 3 - 0 12 4660 484 3 0
write 3 - 8 0 1 341 0 0
write 3 - 8 0 99 341 0 0
write 3 - 8 0 4660 341 0 0
write 3 - 8 1 1 462 0 0
write 3 - 8 1 99 462 0 0
write 3 - 8 1 4660 540 0 0
write 3 - 8 3 1 547 0 0
write 3 - 8 3 99 547 0 0
write 3 - 8 3 4660 680 1 0
write 3 - 8 4 1 745 0 0
write 3 - 8 4 99 745 0 0
write 3 - 8 4 4660 1192 0 1
write 3 - 8 12 1 572 0 0
write 3 - 8 12 99 572 1 0
write 3 - 8 12 4660 797 0 1
write 3 - 9 0 1 407 0 0
write 3 - 9 0 99 407 0 0
write 3 - 9 0 4660 407 0 0
write 3 - 9 1 1 499 0 0
write 3 - 9 1 99 499 0 0
write 3 - 9 1 4660 637 0 0
write 3 - 9 3 1 577 0 0
write 3 - 9 3 99 646 0 0
write 3 - 9 3 4660 756 0 0
write 3 - 9 4 1 1421 0 2
write 3 - 9 4 99 1075 0 1
write 3 - 9 4 4660 911 0 0
write 3 - 9 12 1 749 1 1
write 3 - 9 12 99 734 1 0
write 3 - 9 12 4660 789 3 0
write 3 - 19 0 1 694 0 0
write 3 - 19 0 99 625 0 0
write 3 - 19 0 4660 698 0 0
write 3 - 19 1 1 733 1 0
write 3 - 19 1 99 830 1 1
write 3 - 19 1 4660 719 0 0
write 3 - 19 3 1 922 0 0
write 3 - 19 3 99 905 0 0
write 3 - 19 3 4660 1544 1 3
write 3 - 19 4 1 1725 0 2
write 3 - 19 4 99 943 0 0
write 3 - 19 4 4660 2035 0 3
write 3 - 19 12 1 1917 1 2
write 3 - 19 12 99 1601 4 0
write 3 - 19 12 4660 1781 5 1
write 4 - 0 0 1 144 0 0
write 4 - 0 0 99 144 0 0
write 4 - 0 0 4660 144 0 0
write 4 - 0 1 1 176 0 0
write 4 - 0 1 99 176 0 0
write 4 - 0 1 4660 176 0 0
write 4 - 0 3 1 249 0 0
write 4 - 0 3 99 249 0 0
write 4 - 0 3 4660 249 0 0
write 4 - 0 4 1 415 0 0
write 4 - 0 4 99 415 0 0
write 4 - 0 4 4660 415 0 0
write 4 - 0 12 1 266 0 0
write 4 - 0 12 99 266 0 0
write 4 - 0 12 4660 266 0 0
write 4 - 8 0 1 252 0 0
write 4 - 8 0 99 252 0 0
write 4 - 8 0 4660 252 0 0
write 4 - 8 1 1 343 0 0
write 4 - 8 1 99 343 0 0
write 4 - 8 1 4660 343 0 0
write 4 - 8 3 1 419 0 0
write 4 - 8 3 99 419 0 0
write 4 - 8 3 4660 476 0 0
write 4 - 8 4 1 590 0 0
write 4 - 8 4 99 590 0 0
write 4 - 8 4 4660 647 0 0
write 4 - 8 12 1 422 0 0
write 4 - 8 12 99 422 0 0
write 4 - 8 12 4660 462 1 0
write 4 - 9 0 1 301 0 0
write 4 - 9 0 99 301 0 0
write 4 - 9 0 4660 301 0 0
write 4 - 9 1 1 368 0 0
write 4 - 9 1 99 368 0 0
write 4 - 9 1 4660 418 0 0
write 4 - 9 3 1 440 0 0
write 4 - 9 3 99 440 0 0
write 4 - 9 3 4660 540 0 0
write 4 - 9 4 1 1168 0 2
write 4 - 9 4 99 874 0 1
write 4 - 9 4 4660 934 0 1
write 4 - 9 12 1 551 1 0
write 4 - 9 12 99 457 0 0
write 4 - 9 12 4660 601 1 0
write 4 - 19 0 1 513 0 0
write 4 - 19 0 99 463 0 0
write 4 - 19 0 4660 490 0 0
write 4 - 19 1 1 541 0 0
write 4 - 19 1 99 471 0 0
write 4 - 19 1 4660 531 0 0
write 4 - 19 3 1 696 0 0
write 4 - 19 3 99 629 0 0
write 4 - 19 3 4660 679 1 0
write 4 - 19 4 1 1396 0 2
write 4 - 19 4 99 738 0 0
write 4 - 19 4 4660 809 0 0
write 4 - 19 12 1 1300 1 1
write 4 - 19 12 99 1229 1 0
write 4 - 19 12 4660 1206 0 0
write 5 - 0 0 1 118 0 0
write 5 - 0 0 99 118 0 0
write 5 - 0 0 4660 118 0 0
write 5 - 0 1 1 143 0 0
write 5 - 0 1 99 143 0 0
write 5 - 0 1 4660 143 0 0
write 5 - 0 3 1 214 0 0
write 5 - 0 3 99 214 0 0
write 5 - 0 3 4660 214 0 0
write 5 - 0 4 1 357 0 0
write 5 - 0 4 99 357 0 0
write 5 - 0 4 4660 357 0 0
write 5 - 0 12 1 217 0 0
write 5 - 0 12 99 217 0 0
write 5 - 0 12 4660 217 0 0
write 5 - 8 0 1 205 0 0
write 5 - 8 0 99 205 0 0
write 5 - 8 0 4660 205 0 0
write 5 - 8 1 1 278 0 0
write 5 - 8 1 99 278 0 0
write 5 - 8 1 4660 278 0 0
write 5 - 8 3 1 352 0 0
write 5 - 8 3 99 352 0 0
write 5 - 8 3 4660 352 0 0
write 5 - 8 4 1 497 0 0
write 5 - 8 4 99 497 0 0
write 5 - 8 4 4660 543 0 0
write 5 - 8 12 1 345 0 0
write 5 - 8 12 99 345 0 0
write 5 - 8 12 4660 364 0 0
write 5 - 9 0 1 244 0 0
write 5 - 9 0 99 244 0 0
write 5 - 9 0 4660 244 0 0
write 5 - 9 1 1 298 0 0
write 5 - 9 1 99 298 0 0
write 5 - 9 1 4660 339 0 0
write 5 - 9 3 1 369 0 0
write 5 - 9 3 99 369 0 0
write 5 - 9 3 4660 410 0 0
write 5 - 9 4 1 1006 0 2
write 5 - 9 4 99 548 0 0
write 5 - 9 4 4660 597 0 0
write 5 - 9 12 1 450 0 0
write 5 - 9 12 99 373 0 0
write 5 - 9 12 4660 441 0 0
write 5 - 19 0 1 417 0 0
write 5 - 19 0 99 376 0 0
write 5 - 19 0 4660 398 0 0
write 5 - 19 1 1 439 0 0
write 5 - 19 1 99 382 0 0
write 5 - 19 1 4660 431 0 0
write 5 - 19 3 1 575 0 0
write 5 - 19 3 99 520 0 0
write 5 - 19 3 4660 622 0 1
write 5 - 19 4 1 676 0 0
write 5 - 19 4 99 616 0 0
write 5 - 19 4 4660 850 0 1
write 5 - 19 12 1 892 2 0
write 5 - 19 12 99 900 0 0
write 5 - 19 12 4660 916 0 0
write 6 - 0 0 1 93 0 0
write 6 - 0 0 99 93 0 0
write 6 - 0 0 4660 93 0 0
write 6 - 0 1 1 114 0 0
write 6 - 0 1 99 114 0 0
write 6 - 0 1 4660 114 0 0
write 6 - 0 3 1 182 0 0
write 6 - 0 3 99 182 0 0
write 6 - 0 3 4660 182 0 0
write 6 - 0 4 1 299 0 0
write 6 - 0 4 99 299 0 0
write 6 - 0 4 4660 299 0 0
write 6 - 0 12 1 172 0 0
write 6 - 0 12 99 172 0 0
write 6 - 0 12 4660 172 0 0
write 6 - 8 0 1 162 0 0
write 6 - 8 0 99 162 0 0
write 6 - 8 0 4660 162 0 0
write 6 - 8 1 1 221 0 0
write 6 - 8 1 99 221 0 0
write 6 - 8 1 4660 221 0 0
write 6 - 8 3 1 292 0 0
write 6 - 8 3 99 292 0 0
write 6 - 8 3 4660 292 0 0
write 6 - 8 4 1 412 0 0
write 6 - 8 4 99 412 0 0
write 6 - 8 4 4660 449 0 0
write 6 - 8 12 1 272 0 0
write 6 - 8 12 99 272 0 0
write 6 - 8 12 4660 287 0 0
write 6 - 9 0 1 193 0 0
write 6 - 9 0 99 193 0 0
write 6 - 9 0 4660 193 0 0
write 6 - 9 1 1 236 0 0
write 6 - 9 1 99 236 0 0
write 6 - 9 1 4660 268 0 0
write 6 - 9 3 1 305 0 0
write 6 - 9 3 99 305 0 0
write 6 - 9 3 4660 337 0 0
write 6 - 9 4 1 453 0 0
write 6 - 9 4 99 453 0 0
write 6 - 9 4 4660 492 0 0
write 6 - 9 12 1 295 0 0
write 6 - 9 12 99 295 0 0
write 6 - 9 12 4660 349 0 0
write 6 - 19 0 1 330 0 0
write 6 - 19 0 99 298 0 0
write 6 - 19 0 4660 316 0 0
write 6 - 19 1 1 347 0 0
write 6 - 19 1 99 302 0 0
write 6 - 19 1 4660 341 0 0
write 6 - 19 3 1 468 0 0
write 6 - 19 3 99 425 0 0
write 6 - 19 3 4660 518 0 1
write 6 - 19 4 1 727 0 1
write 6 - 19 4 99 507 0 0
write 6 - 19 4 4660 537 0 0
write 6 - 19 12 1 725 1 0
write 6 - 19 12 99 662 0 0
write 6 - 19 12 4660 725 0 0
write 7 - 0 0 1 80 0 0
write 7 - 0 0 99 80 0 0
write 7 - 0 0 4660 80 0 0
write 7 - 0 1 1 97 0 0
write 7 - 0 1 99 97 0 0
write 7 - 0 1 4660 97 0 0
write 7 - 0 3 1 165 0 0
write 7 - 0 3 99 165 0 0
write 7 - 0 3 4660 165 0 0
write 7 - 0 4 1 259 0 0
write 7 - 0 4 99 259 0 0
write 7 - 0 4 4660 259 0 0
write 7 - 0 12 1 147 0 0
write 7 - 0 12 99 147 0 0
write 7 - 0 12 4660 147 0 0
write 7 - 8 0 1 139 0 0
write 7 - 8 0 99 139 0 0
write 7 - 8 0 4660 139 0 0
write 7 - 8 1 1 188 0 0
write 7 - 8 1 99 188 0 0
write 7 - 8 1 4660 188 0 0
write 7 - 8 3 1 257 0 0
write 7 - 8 3 99 257 0 0
write 7 - 8 3 4660 257 0 0
write 7 - 8 4 1 355 0 0
write 7 - 8 4 99 355 0 0
write 7 - 8 4 4660 386 0 0
write 7 - 8 12 1 233 0 0
write 7 - 8 12 99 233 0 0
write 7 - 8 12 4660 246 0 0
write 7 - 9 0 1 166 0 0
write 7 - 9 0 99 166 0 0
write 7 - 9 0 4660 166 0 0
write 7 - 9 1 1 203 0 0
write 7 - 9 1 99 203 0 0
write 7 - 9 1 4660 203 0 0
write 7 - 9 3 1 271 0 0
write 7 - 9 3 99 271 0 0
write 7 - 9 3 4660 299 0 0
write 7 - 9 4 1 389 0 0
write 7 - 9 4 99 389 0 0
write 7 - 9 4 4660 422 0 0
write 7 - 9 12 1 252 0 0
write 7 - 9 12 99 252 0 0
write 7 - 9 12 4660 298 0 0
write 7 - 19 0 1 256 0 0
write 7 - 19 0 99 256 0 0
write 7 - 19 0 4660 256 0 0
write 7 - 19 1 1 259 0 0
write 7 - 19 1 99 259 0 0
write 7 - 19 1 4660 259 0 0
write 7 - 19 3 1 409 0 0
write 7 - 19 3 99 372 0 0
write 7 - 19 3 4660 461 0 1
write 7 - 19 4 1 627 0 1
write 7 - 19 4 99 436 0 0
write 7 - 19 4 4660 462 0 0
write 7 - 19 12 1 602 0 0
write 7 - 19 12 99 565 0 0
write 7 - 19 12 4660 618 0 0
write 7 1 0 0 1 59 0 0
write 7 1 0 0 99 59 0 0
write 7 1 0 0 4660 59 0 0
write 7 1 0 1 1 72 0 0
write 7 1 0 1 99 72 0 0
write 7 1 0 1 4660 72 0 0
write 7 1 0 3 1 137 0 0
write 7 1 0 3 99 137 0 0
write 7 1 0 3 4660 137 0 0
write 7 1 0 4 1 231 0 0
write 7 1 0 4 99 231 0 0
write 7 1 0 4 4660 231 0 0
write 7 1 0 12 1 109 0 0
write 7 1 0 12 99 109 0 0
write 7 1 0 12 4660 109 0 0
write 7 1 8 0 1 102 0 0
write 7 1 8 0 99 102 0 0
write 7 1 8 0 4660 102 0 0
write 7 1 8 1 1 140 0 0
write 7 1 8 1 99 140 0 0
write 7 1 8 1 4660 140 0 0
write 7 1 8 3 1 206 0 0
write 7 1 8 3 99 206 0 0
write 7 1 8 3 4660 206 0 0
write 7 1 8 4 1 301 0 0
write 7 1 8 4 99 301 0 0
write 7 1 8 4 4660 301 0 0
write 7 1 8 12 1 171 0 0
write 7 1 8 12 99 171 0 0
write 7 1 8 12 4660 171 0 0
write 7 1 9 0 1 122 0 0
write 7 1 9 0 99 122 0 0
write 7 1 9 0 4660 122 0 0
write 7 1 9 1 1 149 0 0
write 7 1 9 1 99 149 0 0
write 7 1 9 1 4660 149 0 0
write 7 1 9 3 1 213 0 0
write 7 1 9 3 99 213 0 0
write 7 1 9 3 4660 213 0 0
write 7 1 9 4 1 327 0 0
write 7 1 9 4 99 327 0 0
write 7 1 9 4 4660 327 0 0
write 7 1 9 12 1 185 0 0
write 7 1 9 12 99 185 0 0
write 7 1 9 12 4660 185 0 0
write 7 1 19 0 1 188 0 0
write 7 1 19 0 99 188 0 0
write 7 1 19 0 4660 188 0 0
write 7 1 19 1 1 191 0 0
write 7 1 19 1 99 191 0 0
write 7 1 19 1 4660 191 0 0
write 7 1 19 3 1 290 0 0
write 7 1 19 3 99 290 0 0
write 7 1 19 3 4660 290 0 0
write 7 1 19 4 1 362 0 0
write 7 1 19 4 99 362 0 0
write 7 1 19 4 4660 362 0 0
write 7 1 19 12 1 415 0 0
write 7 1 19 12 99 415 0 0
write 7 1 19 12 4660 415 0 0
ai 0 0 8 3 1 305 0 0
ai 0 0 8 3 99 305 0 0
ai 0 0 8 3 4660 305 0 0
ai 0 1 8 3 1 252 0 0
ai 0 1 8 3 99 252 0 0
ai 0 1 8 3 4660 267 0 0
ai 1 0 8 3 1 440 0 0
ai 1 0 8 3 99 440 0 0
ai 1 0 8 3 4660 440 0 0
ai 1 1 8 3 1 252 0 0
ai 1 1 8 3 99 252 0 0
ai 1 1 8 3 4660 278 1 0
ai 2 0 8 3 1 281 0 0
ai 2 0 8 3 99 281 0 0
ai 2 0 8 3 4660 281 0 0
ai 2 1 8 3 1 252 0 0
ai 2 1 8 3 99 252 0 0
ai 2 1 8 3 4660 278 1 0
