4,5,3|4,5,3|0|100
4,5,3|8,10,6|60|125
4,5,3|4,10,3|55|125
4,5,3|1,1,1|invalid|25
4,5,3|5,6,4|7|125
3,3,4,2|3,3,4,2|0|100
3,3,4,2|6,6,8,4|60|125
3,3,4,2|3,6,4,2|60|125
3,3,4,2|1,1,1,1|invalid|33
3,3,4,2|4,4,5,3|19|125
4,4,2|4,4,2|0|100
4,4,2|8,8,4|60|125
4,4,2|4,8,2|55|125
4,4,2|1,1,1|invalid|30
4,4,2|5,5,3|19|125
3,3,2|3,3,2|0|100
3,3,2|6,6,4|60|125
3,3,2|3,6,2|55|125
3,3,2|1,1,1|invalid|37
3,3,2|4,4,3|19|125
4,3,3|4,3,3|0|100
4,3,3|8,6,6|60|125
4,3,3|4,6,3|58|125
4,3,3|1,1,1|invalid|30
4,3,3|5,4,4|8|125
5,4,5|5,4,5|0|100
5,4,5|10,8,10|60|125
5,4,5|5,8,5|58|125
5,4,5|1,1,1|invalid|21
5,4,5|6,5,6|3|121
3,4,3|3,4,3|0|100
3,4,3|6,8,6|60|125
3,4,3|3,8,3|55|125
3,4,3|1,1,1|invalid|30
3,4,3|4,5,4|8|125
3,3,4,4|3,3,4,4|0|100
3,3,4,4|6,6,8,8|60|125
3,3,4,4|3,6,4,4|65|121
3,3,4,4|1,1,1,1|invalid|28
3,3,4,4|4,4,5,5|7|125
3,3,3,3|3,3,3,3|0|100
3,3,3,3|6,6,6,6|60|125
3,3,3,3|3,6,3,3|60|125
3,3,3,3|1,1,1,1|invalid|33
3,3,3,3|4,4,4,4|7|125
3,3,2,2|3,3,2,2|0|100
3,3,2,2|6,6,4,4|60|125
3,3,2,2|3,6,2,2|58|125
3,3,2,2|1,1,1,1|invalid|40
3,3,2,2|4,4,3,3|19|125
4,3,3|4,3,3|0|100
4,3,3|8,6,6|60|125
4,3,3|4,6,3|58|125
4,3,3|1,1,1|invalid|30
4,3,3|5,4,4|8|125
4,4,4|4,4,4|0|100
4,4,4|8,8,8|60|125
4,4,4|4,8,4|57|125
4,4,4|1,1,1|invalid|25
4,4,4|5,5,5|0|125
5,5,4|5,5,4|0|100
5,5,4|10,10,8|60|125
5,5,4|5,10,4|56|125
5,5,4|1,1,1|invalid|21
5,5,4|6,6,5|3|121
4,5,3|4,5,3|0|100
4,5,3|8,10,6|60|125
4,5,3|4,10,3|55|125
4,5,3|1,1,1|invalid|25
4,5,3|5,6,4|7|125
4,3,3|4,3,3|0|100
4,3,3|8,6,6|60|125
4,3,3|4,6,3|58|125
4,3,3|1,1,1|invalid|30
4,3,3|5,4,4|8|125
4,4,4|4,4,4|0|100
4,4,4|8,8,8|60|125
4,4,4|4,8,4|57|125
4,4,4|1,1,1|invalid|25
4,4,4|5,5,5|0|125
4,4,4|4,4,4|0|100
4,4,4|8,8,8|60|125
4,4,4|4,8,4|57|125
4,4,4|1,1,1|invalid|25
4,4,4|5,5,5|0|125
5,5,4|5,5,4|0|100
5,5,4|10,10,8|60|125
5,5,4|5,10,4|56|125
5,5,4|1,1,1|invalid|21
5,5,4|6,6,5|3|121
4,5,3|4,5,3|0|100
4,5,3|8,10,6|60|125
4,5,3|4,10,3|55|125
4,5,3|1,1,1|invalid|25
4,5,3|5,6,4|7|125
4,4,4|4,4,4|0|100
4,4,4|8,8,8|60|125
4,4,4|4,8,4|57|125
4,4,4|1,1,1|invalid|25
4,4,4|5,5,5|0|125
4,4,4,4|4,4,4,4|0|100
4,4,4,4|8,8,8,8|60|125
4,4,4,4|4,8,4,4|60|125
4,4,4,4|1,1,1,1|invalid|25
4,4,4,4|5,5,5,5|0|125
3,3,4,4|3,3,4,4|0|100
3,3,4,4|6,6,8,8|60|125
3,3,4,4|3,6,4,4|65|121
3,3,4,4|1,1,1,1|invalid|28
3,3,4,4|4,4,5,5|7|125
4,4,4|4,4,4|0|100
4,4,4|8,8,8|60|125
4,4,4|4,8,4|57|125
4,4,4|1,1,1|invalid|25
4,4,4|5,5,5|0|125
3,3,2|3,3,2|0|100
3,3,2|6,6,4|60|125
3,3,2|3,6,2|55|125
3,3,2|1,1,1|invalid|37
3,3,2|4,4,3|19|125
5,5,5,4,5|5,5,5,4,5|0|100
5,5,5,4,5|10,10,10,8,10|60|125
5,5,5,4,5|5,10,5,4,5|66|120
5,5,5,4,5|1,1,1,1,1|invalid|20
5,5,5,4,5|6,6,6,5,6|3|120
3,3,2|3,3,2|0|100
3,3,2|6,6,4|60|125
3,3,2|3,6,2|55|125
3,3,2|1,1,1|invalid|37
3,3,2|4,4,3|19|125
3,3,2|3,3,2|0|100
3,3,2|6,6,4|60|125
3,3,2|3,6,2|55|125
3,3,2|1,1,1|invalid|37
3,3,2|4,4,3|19|125
4,3,3|4,3,3|0|100
4,3,3|8,6,6|60|125
4,3,3|4,6,3|58|125
4,3,3|1,1,1|invalid|30
4,3,3|5,4,4|8|125
4,4,2|4,4,2|0|100
4,4,2|8,8,4|60|125
4,4,2|4,8,2|55|125
4,4,2|1,1,1|invalid|30
4,4,2|5,5,3|19|125
4,4,2|4,4,2|0|100
4,4,2|8,8,4|60|125
4,4,2|4,8,2|55|125
4,4,2|1,1,1|invalid|30
4,4,2|5,5,3|19|125
4,4,4|4,4,4|0|100
4,4,4|8,8,8|60|125
4,4,4|4,8,4|57|125
4,4,4|1,1,1|invalid|25
4,4,4|5,5,5|0|125
3,4,3|3,4,3|0|100
3,4,3|6,8,6|60|125
3,4,3|3,8,3|55|125
3,4,3|1,1,1|invalid|30
3,4,3|4,5,4|8|125
4,5,3|4,5,3|0|100
4,5,3|8,10,6|60|125
4,5,3|4,10,3|55|125
4,5,3|1,1,1|invalid|25
4,5,3|5,6,4|7|125
4,4,2|4,4,2|0|100
4,4,2|8,8,4|60|125
4,4,2|4,8,2|55|125
4,4,2|1,1,1|invalid|30
4,4,2|5,5,3|19|125
4,5,3|4,5,3|0|100
4,5,3|8,10,6|60|125
4,5,3|4,10,3|55|125
4,5,3|1,1,1|invalid|25
4,5,3|5,6,4|7|125
4,3,3|4,3,3|0|100
4,3,3|8,6,6|60|125
4,3,3|4,6,3|58|125
4,3,3|1,1,1|invalid|30
4,3,3|5,4,4|8|125
4,4,4|4,4,4|0|100
4,4,4|8,8,8|60|125
4,4,4|4,8,4|57|125
4,4,4|1,1,1|invalid|25
4,4,4|5,5,5|0|125
4,4,4|4,4,4|0|100
4,4,4|8,8,8|60|125
4,4,4|4,8,4|57|125
4,4,4|1,1,1|invalid|25
4,4,4|5,5,5|0|125
4,4,4|4,4,4|0|100
4,4,4|8,8,8|60|125
4,4,4|4,8,4|57|125
4,4,4|1,1,1|invalid|25
4,4,4|5,5,5|0|125
4,3,3|4,3,3|0|100
4,3,3|8,6,6|60|125
4,3,3|4,6,3|58|125
4,3,3|1,1,1|invalid|30
4,3,3|5,4,4|8|125
3,4,3,2|3,4,3,2|0|100
3,4,3,2|6,8,6,4|60|125
3,4,3,2|3,8,3,2|57|125
3,4,3,2|1,1,1,1|invalid|33
3,4,3,2|4,5,4,3|19|125
3,4,3,2|3,4,3,2|0|100
3,4,3,2|6,8,6,4|60|125
3,4,3,2|3,8,3,2|57|125
3,4,3,2|1,1,1,1|invalid|33
3,4,3,2|4,5,4,3|19|125
3,3,2|3,3,2|0|100
3,3,2|6,6,4|60|125
3,3,2|3,6,2|55|125
3,3,2|1,1,1|invalid|37
3,3,2|4,4,3|19|125
4,4,4|4,4,4|0|100
4,4,4|8,8,8|60|125
4,4,4|4,8,4|57|125
4,4,4|1,1,1|invalid|25
4,4,4|5,5,5|0|125
3,3,4|3,3,4|0|100
3,3,4|6,6,8|60|125
3,3,4|3,6,4|58|125
3,3,4|1,1,1|invalid|30
3,3,4|4,4,5|8|125
3,3,3,3|3,3,3,3|0|100
3,3,3,3|6,6,6,6|60|125
3,3,3,3|3,6,3,3|60|125
3,3,3,3|1,1,1,1|invalid|33
3,3,3,3|4,4,4,4|7|125
4,3,3|4,3,3|0|100
4,3,3|8,6,6|60|125
4,3,3|4,6,3|58|125
4,3,3|1,1,1|invalid|30
4,3,3|5,4,4|8|125
4,3,3|4,3,3|0|100
4,3,3|8,6,6|60|125
4,3,3|4,6,3|58|125
4,3,3|1,1,1|invalid|30
4,3,3|5,4,4|8|125
3,3,3,3|3,3,3,3|0|100
3,3,3,3|6,6,6,6|60|125
3,3,3,3|3,6,3,3|60|125
3,3,3,3|1,1,1,1|invalid|33
3,3,3,3|4,4,4,4|7|125
4,5,5,5,5|4,5,5,5,5|0|100
4,5,5,5,5|8,10,10,10,10|60|125
4,5,5,5,5|4,10,5,5,5|66|120
4,5,5,5,5|1,1,1,1,1|invalid|20
4,5,5,5,5|5,6,6,6,6|3|120
3,3,2|3,3,2|0|100
3,3,2|6,6,4|60|125
3,3,2|3,6,2|55|125
3,3,2|1,1,1|invalid|37
3,3,2|4,4,3|19|125
4,3,3|4,3,3|0|100
4,3,3|8,6,6|60|125
4,3,3|4,6,3|58|125
4,3,3|1,1,1|invalid|30
4,3,3|5,4,4|8|125
3,4,3|3,4,3|0|100
3,4,3|6,8,6|60|125
3,4,3|3,8,3|55|125
3,4,3|1,1,1|invalid|30
3,4,3|4,5,4|8|125
4,4,4|4,4,4|0|100
4,4,4|8,8,8|60|125
4,4,4|4,8,4|57|125
4,4,4|1,1,1|invalid|25
4,4,4|5,5,5|0|125
4,5,3|4,5,3|0|100
4,5,3|8,10,6|60|125
4,5,3|4,10,3|55|125
4,5,3|1,1,1|invalid|25
4,5,3|5,6,4|7|125
4,3,3|4,3,3|0|100
4,3,3|8,6,6|60|125
4,3,3|4,6,3|58|125
4,3,3|1,1,1|invalid|30
4,3,3|5,4,4|8|125
4,4,2|4,4,2|0|100
4,4,2|8,8,4|60|125
4,4,2|4,8,2|55|125
4,4,2|1,1,1|invalid|30
4,4,2|5,5,3|19|125
4,4,4|4,4,4|0|100
4,4,4|8,8,8|60|125
4,4,4|4,8,4|57|125
4,4,4|1,1,1|invalid|25
4,4,4|5,5,5|0|125
4,4,4|4,4,4|0|100
4,4,4|8,8,8|60|125
4,4,4|4,8,4|57|125
4,4,4|1,1,1|invalid|25
4,4,4|5,5,5|0|125
4,4,4|4,4,4|0|100
4,4,4|8,8,8|60|125
4,4,4|4,8,4|57|125
4,4,4|1,1,1|invalid|25
4,4,4|5,5,5|0|125
4,4,4|4,4,4|0|100
4,4,4|8,8,8|60|125
4,4,4|4,8,4|57|125
4,4,4|1,1,1|invalid|25
4,4,4|5,5,5|0|125
4,3,3|4,3,3|0|100
4,3,3|8,6,6|60|125
4,3,3|4,6,3|58|125
4,3,3|1,1,1|invalid|30
4,3,3|5,4,4|8|125
3,3,2|3,3,2|0|100
3,3,2|6,6,4|60|125
3,3,2|3,6,2|55|125
3,3,2|1,1,1|invalid|37
3,3,2|4,4,3|19|125
4,4,4,4|4,4,4,4|0|100
4,4,4,4|8,8,8,8|60|125
4,4,4,4|4,8,4,4|60|125
4,4,4,4|1,1,1,1|invalid|25
4,4,4,4|5,5,5,5|0|125
3,3,3,3|3,3,3,3|0|100
3,3,3,3|6,6,6,6|60|125
3,3,3,3|3,6,3,3|60|125
3,3,3,3|1,1,1,1|invalid|33
3,3,3,3|4,4,4,4|7|125
4,5,3|4,5,3|0|100
4,5,3|8,10,6|60|125
4,5,3|4,10,3|55|125
4,5,3|1,1,1|invalid|25
4,5,3|5,6,4|7|125
4,4,4|4,4,4|0|100
4,4,4|8,8,8|60|125
4,4,4|4,8,4|57|125
4,4,4|1,1,1|invalid|25
4,4,4|5,5,5|0|125
4,4,4|4,4,4|0|100
4,4,4|8,8,8|60|125
4,4,4|4,8,4|57|125
4,4,4|1,1,1|invalid|25
4,4,4|5,5,5|0|125
3,3,2|3,3,2|0|100
3,3,2|6,6,4|60|125
3,3,2|3,6,2|55|125
3,3,2|1,1,1|invalid|37
3,3,2|4,4,3|19|125
3,3,2|3,3,2|0|100
3,3,2|6,6,4|60|125
3,3,2|3,6,2|55|125
3,3,2|1,1,1|invalid|37
3,3,2|4,4,3|19|125
4,4,4|4,4,4|0|100
4,4,4|8,8,8|60|125
4,4,4|4,8,4|57|125
4,4,4|1,1,1|invalid|25
4,4,4|5,5,5|0|125
5,5,4|5,5,4|0|100
5,5,4|10,10,8|60|125
5,5,4|5,10,4|56|125
5,5,4|1,1,1|invalid|21
5,5,4|6,6,5|3|121
4,4,4|4,4,4|0|100
4,4,4|8,8,8|60|125
4,4,4|4,8,4|57|125
4,4,4|1,1,1|invalid|25
4,4,4|5,5,5|0|125
5,5,4|5,5,4|0|100
5,5,4|10,10,8|60|125
5,5,4|5,10,4|56|125
5,5,4|1,1,1|invalid|21
5,5,4|6,6,5|3|121
5,5,4,5,5|5,5,4,5,5|0|100
5,5,4,5,5|10,10,8,10,10|60|125
5,5,4,5,5|5,10,4,5,5|66|120
5,5,4,5,5|1,1,1,1,1|invalid|20
5,5,4,5,5|6,6,5,6,6|3|120
